364965377841
619501107616
871546189491
522812021312
859034038561
607206802268
148343615326
636033704576
975697214330
468003230584
520989187031
075576819976
752256995044
748426129507
835889558578
858867181325
198753019073
557751211326
442584416264
440566806970
583789792551
324429355633
411785994296
371186281080
432856853505
106438922874
988373598231
541636864926
795982633698
318364000709
654885271161
294328342286
533663430314
429128379272
304590192509
299785670954
491281852647
375250043707
033338746936
637067361851
316297217534
270362265276
589091321573
072210636790
080039627909
428366540899
676201760121
419582401659
533663420314
832190531205
982186626360
065379207035
709892962848
670513224571
197688556388
500154069042
671748335257
449270313726
385042005533
898059467937
148392049205
562885153151
145864156692
208838788813
780681954672
980032971358
063175755175
103288407169
333626639830
354759152397
329029687087
037038865201
212633809781
461548222203
335200847092
814854607164
834208367490
756590699753
998919664144
720275422423
064419455148
230738530268
961181185824
390473610023
993174077164
137309656749
727269517153
887711307230
205296839197
030262851662
182974745184
120344779085
272318478071
610770577762
572030511400
630363849066
421384611509
285383234683
107248090326
922063952118
784501270639
192388846623
027857745470
319840645842
336014596964
883513042979
003791635637
370595181543
950216118337
468845504062
440913327384
161179371404
033016384048
306359598253
761703436731
071333585740
501238559532
343387691291
225689950249
412529713129
380507067897
284127668152
657694543153
149932207332
934107460903
265656575866
230858658634
455956288336
110538953048
863333152284
930959770703
042313215029
564167940199
703215673764
876164510173
067771651914
067220696450
377541079177
478321211189
107806614162
943255035977
683711796366
333724101335
590676113208
862704419907
304961358849
419365853122
371869112649
022147018163
041777771999
867399924789
721347542157
696209874082
213738504036
797040353492
323543376305
869480926410
666585377166
628461784534
967274146314
290914610855
978048127318
643055176026
982023248240
709619392983
545638900022
197943836347
270672991289
365270018898
342855979488
314618695184
470607662868
984162107930
870501200891
524767604302
719394263046
900269441365
070949999963
940755510252
225248906971
283567989216
797511360187
272673125663
365576914390
684975717393
616519501176
748628844772
659893299048
365111668303
713353372406
707089192969
277319712890
446751779558
519560675926
530402074766
671067687498
400292673817
485573027818
725352026784
815785644856
718306861022
469651263777
019507338972
052482315817
685955423492
733164833475
487173768746
924400694318
259139653303
774672573222
047427311478
656697177988
366435442618
686587061469
961691854873
737778734651
776484555414
098699499408
930575554323
739982223203
370442755848
680995215487
826183939994
800739278453
835296573916
537665156447
995446519875
644753766515
737380243187
687652596918
187003116281
881104095895
148625255852
102602175076
075087662806
215441870126
708944114536
479178794684
707799335780
104380436988
420979261943
527993608695
116479727875
571282845849
678580273981
811363150299
